Ray[0]:[1.047198]
Ray[1]:[1.060288]
Ray[2]:[1.073377]
Ray[3]:[1.086467]
Ray[4]:[1.099557]
Ray[5]:[1.112647]
Ray[6]:[1.125737]
Ray[7]:[1.138827]
Ray[8]:[1.151917]
Ray[9]:[1.165007]
Ray[10]:[1.178097]
Ray[11]:[1.191187]
Ray[12]:[1.204277]
Ray[13]:[1.217367]
Ray[14]:[1.230457]
Ray[15]:[1.243547]
Ray[16]:[1.256637]
Ray[17]:[1.269727]
Ray[18]:[1.282817]
Ray[19]:[1.295907]
Ray[20]:[1.308997]
Ray[21]:[1.322087]
Ray[22]:[1.335177]
Ray[23]:[1.348267]
Ray[24]:[1.361357]
Ray[25]:[1.374447]
Ray[26]:[1.387537]
Ray[27]:[1.400627]
Ray[28]:[1.413717]
Ray[29]:[1.426807]
Ray[30]:[1.439897]
Ray[31]:[1.452987]
Ray[32]:[1.466077]
Ray[33]:[1.479167]
Ray[34]:[1.492257]
Ray[35]:[1.505346]
Ray[36]:[1.518436]
Ray[37]:[1.531526]
Ray[38]:[1.544616]
Ray[39]:[1.557706]
Ray[40]:[1.570796]
Ray[41]:[1.583886]
Ray[42]:[1.596976]
Ray[43]:[1.610066]
Ray[44]:[1.623156]
Ray[45]:[1.636246]
Ray[46]:[1.649336]
Ray[47]:[1.662426]
Ray[48]:[1.675516]
Ray[49]:[1.688606]
Ray[50]:[1.701696]
Ray[51]:[1.714786]
Ray[52]:[1.727876]
Ray[53]:[1.740966]
Ray[54]:[1.754056]
Ray[55]:[1.767146]
Ray[56]:[1.780236]
Ray[57]:[1.793326]
Ray[58]:[1.806416]
Ray[59]:[1.819506]
Ray[60]:[1.832596]
Ray[61]:[1.845686]
Ray[62]:[1.858776]
Ray[63]:[1.871866]
Ray[64]:[1.884956]
Ray[65]:[1.898046]
Ray[66]:[1.911136]
Ray[67]:[1.924226]
Ray[68]:[1.937315]
Ray[69]:[1.950405]
Ray[70]:[1.963495]
Ray[71]:[1.976585]
Ray[72]:[1.989675]
Ray[73]:[2.002765]
Ray[74]:[2.015855]
Ray[75]:[2.028945]
Ray[76]:[2.042035]
Ray[77]:[2.055125]
Ray[78]:[2.068215]
Ray[79]:[2.081305]
1.570796Ray[0]:[1.047198]
Ray[1]:[1.060288]
Ray[2]:[1.073377]
Ray[3]:[1.086467]
Ray[4]:[1.099557]
Ray[5]:[1.112647]
Ray[6]:[1.125737]
Ray[7]:[1.138827]
Ray[8]:[1.151917]
Ray[9]:[1.165007]
Ray[10]:[1.178097]
Ray[11]:[1.191187]
Ray[12]:[1.204277]
Ray[13]:[1.217367]
Ray[14]:[1.230457]
Ray[15]:[1.243547]
Ray[16]:[1.256637]
Ray[17]:[1.269727]
Ray[18]:[1.282817]
Ray[19]:[1.295907]
Ray[20]:[1.308997]
Ray[21]:[1.322087]
Ray[22]:[1.335177]
Ray[23]:[1.348267]
Ray[24]:[1.361357]
Ray[25]:[1.374447]
Ray[26]:[1.387537]
Ray[27]:[1.400627]
Ray[28]:[1.413717]
Ray[29]:[1.426807]
Ray[30]:[1.439897]
Ray[31]:[1.452987]
Ray[32]:[1.466077]
Ray[33]:[1.479167]
Ray[34]:[1.492257]
Ray[35]:[1.505346]
Ray[36]:[1.518436]
Ray[37]:[1.531526]
Ray[38]:[1.544616]
Ray[39]:[1.557706]
Ray[40]:[1.570796]
Ray[41]:[1.583886]
Ray[42]:[1.596976]
Ray[43]:[1.610066]
Ray[44]:[1.623156]
Ray[45]:[1.636246]
Ray[46]:[1.649336]
Ray[47]:[1.662426]
Ray[48]:[1.675516]
Ray[49]:[1.688606]
Ray[50]:[1.701696]
Ray[51]:[1.714786]
Ray[52]:[1.727876]
Ray[53]:[1.740966]
Ray[54]:[1.754056]
Ray[55]:[1.767146]
Ray[56]:[1.780236]
Ray[57]:[1.793326]
Ray[58]:[1.806416]
Ray[59]:[1.819506]
Ray[60]:[1.832596]
Ray[61]:[1.845686]
Ray[62]:[1.858776]
Ray[63]:[1.871866]
Ray[64]:[1.884956]
Ray[65]:[1.898046]
Ray[66]:[1.911136]
Ray[67]:[1.924226]
Ray[68]:[1.937315]
Ray[69]:[1.950405]
Ray[70]:[1.963495]
Ray[71]:[1.976585]
Ray[72]:[1.989675]
Ray[73]:[2.002765]
Ray[74]:[2.015855]
Ray[75]:[2.028945]
Ray[76]:[2.042035]
Ray[77]:[2.055125]
Ray[78]:[2.068215]
Ray[79]:[2.081305]
1.640609